{
 "cells": [
  {
   "cell_type": "code",
   "execution_count": 2,
   "id": "d0c2a114",
   "metadata": {},
   "outputs": [
    {
     "data": {
      "text/plain": [
       "R version 4.1.0 (2021-05-18)\n",
       "Platform: x86_64-conda-linux-gnu (64-bit)\n",
       "Running under: Debian GNU/Linux 10 (buster)\n",
       "\n",
       "Matrix products: default\n",
       "BLAS/LAPACK: /opt/conda/envs/r-mkl/lib/libmkl_rt.so.1\n",
       "\n",
       "locale:\n",
       " [1] LC_CTYPE=C.UTF-8       LC_NUMERIC=C           LC_TIME=C.UTF-8       \n",
       " [4] LC_COLLATE=C.UTF-8     LC_MONETARY=C.UTF-8    LC_MESSAGES=C.UTF-8   \n",
       " [7] LC_PAPER=C.UTF-8       LC_NAME=C              LC_ADDRESS=C          \n",
       "[10] LC_TELEPHONE=C         LC_MEASUREMENT=C.UTF-8 LC_IDENTIFICATION=C   \n",
       "\n",
       "attached base packages:\n",
       "[1] stats     graphics  grDevices utils     datasets  methods   base     \n",
       "\n",
       "loaded via a namespace (and not attached):\n",
       " [1] fansi_0.4.2       digest_0.6.27     utf8_1.2.1        crayon_1.4.1     \n",
       " [5] IRdisplay_1.0     repr_1.1.3        lifecycle_1.0.0   jsonlite_1.7.2   \n",
       " [9] evaluate_0.14     pillar_1.6.1      rlang_0.4.11      uuid_0.1-4       \n",
       "[13] vctrs_0.3.8       ellipsis_0.3.2    IRkernel_1.2      tools_4.1.0      \n",
       "[17] compiler_4.1.0    base64enc_0.1-3   pbdZMQ_0.3-5      htmltools_0.5.1.1"
      ]
     },
     "metadata": {},
     "output_type": "display_data"
    }
   ],
   "source": [
    "sessionInfo()"
   ]
  },
  {
   "cell_type": "code",
   "execution_count": 3,
   "id": "01925383",
   "metadata": {},
   "outputs": [],
   "source": [
    "load(\"./data//dropbox//Dave Liu Lab/Derek//simulations//experiments//generate_cohorts_for_emma//sim2_sd.RData\")"
   ]
  },
  {
   "cell_type": "code",
   "execution_count": 4,
   "id": "03e08c9b",
   "metadata": {},
   "outputs": [
    {
     "data": {
      "text/html": [
       "'sim_2sd'"
      ],
      "text/latex": [
       "'sim\\_2sd'"
      ],
      "text/markdown": [
       "'sim_2sd'"
      ],
      "text/plain": [
       "[1] \"sim_2sd\""
      ]
     },
     "metadata": {},
     "output_type": "display_data"
    }
   ],
   "source": [
    "ls()"
   ]
  },
  {
   "cell_type": "code",
   "execution_count": 5,
   "id": "3678ecbb",
   "metadata": {},
   "outputs": [],
   "source": [
    "sim_2sd"
   ]
  },
  {
   "cell_type": "code",
   "execution_count": 6,
   "id": "e354894d",
   "metadata": {},
   "outputs": [
    {
     "data": {
      "text/html": [
       "<style>\n",
       ".list-inline {list-style: none; margin:0; padding: 0}\n",
       ".list-inline>li {display: inline-block}\n",
       ".list-inline>li:not(:last-child)::after {content: \"\\00b7\"; padding: 0 .5ex}\n",
       "</style>\n",
       "<ol class=list-inline><li>'avg_ct_gep'</li><li>'ctp'</li><li>'degs'</li><li>'pur.group.means'</li><li>'sim.tumors'</li><li>'tumor.purities'</li></ol>\n"
      ],
      "text/latex": [
       "\\begin{enumerate*}\n",
       "\\item 'avg\\_ct\\_gep'\n",
       "\\item 'ctp'\n",
       "\\item 'degs'\n",
       "\\item 'pur.group.means'\n",
       "\\item 'sim.tumors'\n",
       "\\item 'tumor.purities'\n",
       "\\end{enumerate*}\n"
      ],
      "text/markdown": [
       "1. 'avg_ct_gep'\n",
       "2. 'ctp'\n",
       "3. 'degs'\n",
       "4. 'pur.group.means'\n",
       "5. 'sim.tumors'\n",
       "6. 'tumor.purities'\n",
       "\n",
       "\n"
      ],
      "text/plain": [
       "[1] \"avg_ct_gep\"      \"ctp\"             \"degs\"            \"pur.group.means\"\n",
       "[5] \"sim.tumors\"      \"tumor.purities\" "
      ]
     },
     "metadata": {},
     "output_type": "display_data"
    }
   ],
   "source": [
    "ls(sim_2sd)"
   ]
  },
  {
   "cell_type": "code",
   "execution_count": 7,
   "id": "434cee66",
   "metadata": {},
   "outputs": [
    {
     "data": {
      "text/html": [
       "<style>\n",
       ".list-inline {list-style: none; margin:0; padding: 0}\n",
       ".list-inline>li {display: inline-block}\n",
       ".list-inline>li:not(:last-child)::after {content: \"\\00b7\"; padding: 0 .5ex}\n",
       "</style>\n",
       "<ol class=list-inline><li>'matrix'</li><li>'array'</li></ol>\n"
      ],
      "text/latex": [
       "\\begin{enumerate*}\n",
       "\\item 'matrix'\n",
       "\\item 'array'\n",
       "\\end{enumerate*}\n"
      ],
      "text/markdown": [
       "1. 'matrix'\n",
       "2. 'array'\n",
       "\n",
       "\n"
      ],
      "text/plain": [
       "[1] \"matrix\" \"array\" "
      ]
     },
     "metadata": {},
     "output_type": "display_data"
    }
   ],
   "source": [
    "class(sim_2sd$ctp)"
   ]
  },
  {
   "cell_type": "code",
   "execution_count": 8,
   "id": "f1896e88",
   "metadata": {},
   "outputs": [
    {
     "data": {
      "text/html": [
       "<table class=\"dataframe\">\n",
       "<caption>A matrix: 100 × 8 of type dbl</caption>\n",
       "<thead>\n",
       "\t<tr><th scope=col>Malignant.cell</th><th scope=col>Endothelial.cell</th><th scope=col>CAF</th><th scope=col>T.CD8</th><th scope=col>NK</th><th scope=col>Macrophage</th><th scope=col>T.CD4</th><th scope=col>B.cell</th></tr>\n",
       "</thead>\n",
       "<tbody>\n",
       "\t<tr><td>0.274</td><td>0.080697262</td><td>0.14027496</td><td>0.037577748</td><td>0.051756513</td><td>0.066720651</td><td>0.22691717</td><td>0.12205570</td></tr>\n",
       "\t<tr><td>0.761</td><td>0.026565627</td><td>0.04617867</td><td>0.012370636</td><td>0.017038301</td><td>0.021964512</td><td>0.07470138</td><td>0.04018087</td></tr>\n",
       "\t<tr><td>0.843</td><td>0.017451061</td><td>0.03033494</td><td>0.008126317</td><td>0.011192524</td><td>0.014428570</td><td>0.04907162</td><td>0.02639497</td></tr>\n",
       "\t<tr><td>0.739</td><td>0.029010999</td><td>0.05042943</td><td>0.013509356</td><td>0.018606680</td><td>0.023986350</td><td>0.08157766</td><td>0.04387953</td></tr>\n",
       "\t<tr><td>0.710</td><td>0.032234443</td><td>0.05603270</td><td>0.015010395</td><td>0.020674089</td><td>0.026651500</td><td>0.09064184</td><td>0.04875503</td></tr>\n",
       "\t<tr><td>0.633</td><td>0.040793244</td><td>0.07091034</td><td>0.018995914</td><td>0.026163417</td><td>0.033727932</td><td>0.11470882</td><td>0.06170033</td></tr>\n",
       "\t<tr><td>0.819</td><td>0.020118739</td><td>0.03497213</td><td>0.009368557</td><td>0.012903483</td><td>0.016634212</td><td>0.05657301</td><td>0.03042986</td></tr>\n",
       "\t<tr><td>0.883</td><td>0.013004931</td><td>0.02260629</td><td>0.006055918</td><td>0.008340926</td><td>0.010752502</td><td>0.03656930</td><td>0.01967013</td></tr>\n",
       "\t<tr><td>0.346</td><td>0.072694227</td><td>0.12636339</td><td>0.033851029</td><td>0.046623636</td><td>0.060103727</td><td>0.20441299</td><td>0.10995100</td></tr>\n",
       "\t<tr><td>0.566</td><td>0.048240512</td><td>0.08385583</td><td>0.022463833</td><td>0.030939844</td><td>0.039885348</td><td>0.13565021</td><td>0.07296443</td></tr>\n",
       "\t<tr><td>0.604</td><td>0.044016688</td><td>0.07651361</td><td>0.020496953</td><td>0.028230825</td><td>0.036393082</td><td>0.12377300</td><td>0.06657584</td></tr>\n",
       "\t<tr><td>0.495</td><td>0.056132393</td><td>0.09757418</td><td>0.026138792</td><td>0.036001431</td><td>0.046410370</td><td>0.15784183</td><td>0.08490100</td></tr>\n",
       "\t<tr><td>0.365</td><td>0.070582316</td><td>0.12269228</td><td>0.032867590</td><td>0.045269127</td><td>0.058357594</td><td>0.19847438</td><td>0.10675671</td></tr>\n",
       "\t<tr><td>0.741</td><td>0.028788693</td><td>0.05004299</td><td>0.013405836</td><td>0.018464100</td><td>0.023802546</td><td>0.08095254</td><td>0.04354329</td></tr>\n",
       "\t<tr><td>0.447</td><td>0.061467749</td><td>0.10684855</td><td>0.028623271</td><td>0.039423350</td><td>0.050821653</td><td>0.17284462</td><td>0.09297080</td></tr>\n",
       "\t<tr><td>0.739</td><td>0.029010999</td><td>0.05042943</td><td>0.013509356</td><td>0.018606680</td><td>0.023986350</td><td>0.08157766</td><td>0.04387953</td></tr>\n",
       "\t<tr><td>0.744</td><td>0.028455233</td><td>0.04946335</td><td>0.013250556</td><td>0.018250231</td><td>0.023526841</td><td>0.08001487</td><td>0.04303892</td></tr>\n",
       "\t<tr><td>0.930</td><td>0.007780728</td><td>0.01352513</td><td>0.003623199</td><td>0.004990297</td><td>0.006433121</td><td>0.02187907</td><td>0.01176846</td></tr>\n",
       "\t<tr><td>0.450</td><td>0.061134289</td><td>0.10626891</td><td>0.028467991</td><td>0.039209480</td><td>0.050545948</td><td>0.17190695</td><td>0.09246644</td></tr>\n",
       "\t<tr><td>0.489</td><td>0.056799312</td><td>0.09873347</td><td>0.026449352</td><td>0.036429171</td><td>0.046961780</td><td>0.15971718</td><td>0.08590973</td></tr>\n",
       "\t<tr><td>0.408</td><td>0.065802726</td><td>0.11438399</td><td>0.030641910</td><td>0.042203658</td><td>0.054405820</td><td>0.18503439</td><td>0.09952751</td></tr>\n",
       "\t<tr><td>0.846</td><td>0.017117601</td><td>0.02975529</td><td>0.007971037</td><td>0.010978654</td><td>0.014152865</td><td>0.04813395</td><td>0.02589060</td></tr>\n",
       "\t<tr><td>0.328</td><td>0.074694986</td><td>0.12984128</td><td>0.034782709</td><td>0.047906855</td><td>0.061757958</td><td>0.21003903</td><td>0.11297718</td></tr>\n",
       "\t<tr><td>0.666</td><td>0.037125187</td><td>0.06453421</td><td>0.017287835</td><td>0.023810848</td><td>0.030695175</td><td>0.10439440</td><td>0.05615235</td></tr>\n",
       "\t<tr><td>0.308</td><td>0.076918051</td><td>0.13370560</td><td>0.035817909</td><td>0.049332655</td><td>0.063595992</td><td>0.21629019</td><td>0.11633959</td></tr>\n",
       "\t<tr><td>0.903</td><td>0.010781866</td><td>0.01874197</td><td>0.005020718</td><td>0.006915126</td><td>0.008914467</td><td>0.03031813</td><td>0.01630772</td></tr>\n",
       "\t<tr><td>0.439</td><td>0.062356975</td><td>0.10839428</td><td>0.029037351</td><td>0.039993669</td><td>0.051556867</td><td>0.17534509</td><td>0.09431577</td></tr>\n",
       "\t<tr><td>0.804</td><td>0.021786038</td><td>0.03787037</td><td>0.010144957</td><td>0.013972833</td><td>0.018012738</td><td>0.06126138</td><td>0.03295168</td></tr>\n",
       "\t<tr><td>0.913</td><td>0.009670333</td><td>0.01680981</td><td>0.004503119</td><td>0.006202227</td><td>0.007995450</td><td>0.02719255</td><td>0.01462651</td></tr>\n",
       "\t<tr><td>0.827</td><td>0.019229513</td><td>0.03342640</td><td>0.008954477</td><td>0.012333164</td><td>0.015898998</td><td>0.05407255</td><td>0.02908490</td></tr>\n",
       "\t<tr><td>⋮</td><td>⋮</td><td>⋮</td><td>⋮</td><td>⋮</td><td>⋮</td><td>⋮</td><td>⋮</td></tr>\n",
       "\t<tr><td>0.683</td><td>0.035235581</td><td>0.06124953</td><td>0.016407915</td><td>0.022598918</td><td>0.029132846</td><td>0.09908091</td><td>0.05329429</td></tr>\n",
       "\t<tr><td>0.370</td><td>0.070026549</td><td>0.12172620</td><td>0.032608790</td><td>0.044912677</td><td>0.057898085</td><td>0.19691159</td><td>0.10591610</td></tr>\n",
       "\t<tr><td>0.510</td><td>0.054465094</td><td>0.09467593</td><td>0.025362392</td><td>0.034932082</td><td>0.045031844</td><td>0.15315346</td><td>0.08237919</td></tr>\n",
       "\t<tr><td>0.477</td><td>0.058133151</td><td>0.10105207</td><td>0.027070471</td><td>0.037284651</td><td>0.048064601</td><td>0.16346788</td><td>0.08792718</td></tr>\n",
       "\t<tr><td>0.423</td><td>0.064135427</td><td>0.11148574</td><td>0.029865511</td><td>0.041134309</td><td>0.053027294</td><td>0.18034601</td><td>0.09700570</td></tr>\n",
       "\t<tr><td>0.207</td><td>0.088144530</td><td>0.15322044</td><td>0.041045667</td><td>0.056532941</td><td>0.072878066</td><td>0.24785856</td><td>0.13331979</td></tr>\n",
       "\t<tr><td>0.900</td><td>0.011115325</td><td>0.01932162</td><td>0.005175998</td><td>0.007128996</td><td>0.009190172</td><td>0.03125581</td><td>0.01681208</td></tr>\n",
       "\t<tr><td>0.365</td><td>0.070582316</td><td>0.12269228</td><td>0.032867590</td><td>0.045269127</td><td>0.058357594</td><td>0.19847438</td><td>0.10675671</td></tr>\n",
       "\t<tr><td>0.627</td><td>0.041460163</td><td>0.07206964</td><td>0.019306474</td><td>0.026591156</td><td>0.034279343</td><td>0.11658417</td><td>0.06270906</td></tr>\n",
       "\t<tr><td>0.846</td><td>0.017117601</td><td>0.02975529</td><td>0.007971037</td><td>0.010978654</td><td>0.014152865</td><td>0.04813395</td><td>0.02589060</td></tr>\n",
       "\t<tr><td>0.341</td><td>0.073249994</td><td>0.12732947</td><td>0.034109829</td><td>0.046980086</td><td>0.060563235</td><td>0.20597578</td><td>0.11079161</td></tr>\n",
       "\t<tr><td>0.582</td><td>0.046462060</td><td>0.08076437</td><td>0.021635673</td><td>0.029799205</td><td>0.038414920</td><td>0.13064928</td><td>0.07027449</td></tr>\n",
       "\t<tr><td>0.577</td><td>0.047017826</td><td>0.08173045</td><td>0.021894473</td><td>0.030155654</td><td>0.038874429</td><td>0.13221207</td><td>0.07111510</td></tr>\n",
       "\t<tr><td>0.839</td><td>0.017895674</td><td>0.03110781</td><td>0.008333357</td><td>0.011477684</td><td>0.014796177</td><td>0.05032185</td><td>0.02706745</td></tr>\n",
       "\t<tr><td>0.717</td><td>0.031456371</td><td>0.05468018</td><td>0.014648075</td><td>0.020175060</td><td>0.026008188</td><td>0.08845394</td><td>0.04757819</td></tr>\n",
       "\t<tr><td>0.844</td><td>0.017339907</td><td>0.03014173</td><td>0.008074557</td><td>0.011121234</td><td>0.014336669</td><td>0.04875906</td><td>0.02622684</td></tr>\n",
       "\t<tr><td>0.849</td><td>0.016784141</td><td>0.02917565</td><td>0.007815758</td><td>0.010764784</td><td>0.013877160</td><td>0.04719627</td><td>0.02538624</td></tr>\n",
       "\t<tr><td>0.475</td><td>0.058355458</td><td>0.10143850</td><td>0.027173991</td><td>0.037427231</td><td>0.048248404</td><td>0.16409299</td><td>0.08826342</td></tr>\n",
       "\t<tr><td>0.672</td><td>0.036458267</td><td>0.06337491</td><td>0.016977275</td><td>0.023383108</td><td>0.030143765</td><td>0.10251905</td><td>0.05514362</td></tr>\n",
       "\t<tr><td>0.566</td><td>0.048240512</td><td>0.08385583</td><td>0.022463833</td><td>0.030939844</td><td>0.039885348</td><td>0.13565021</td><td>0.07296443</td></tr>\n",
       "\t<tr><td>0.723</td><td>0.030789451</td><td>0.05352089</td><td>0.014337515</td><td>0.019747320</td><td>0.025456777</td><td>0.08657859</td><td>0.04656946</td></tr>\n",
       "\t<tr><td>0.928</td><td>0.008003034</td><td>0.01391157</td><td>0.003726719</td><td>0.005132877</td><td>0.006616924</td><td>0.02250418</td><td>0.01210470</td></tr>\n",
       "\t<tr><td>0.396</td><td>0.067136565</td><td>0.11670258</td><td>0.031263030</td><td>0.043059138</td><td>0.055508641</td><td>0.18878508</td><td>0.10154496</td></tr>\n",
       "\t<tr><td>0.596</td><td>0.044905914</td><td>0.07805934</td><td>0.020911033</td><td>0.028801145</td><td>0.037128296</td><td>0.12627347</td><td>0.06792080</td></tr>\n",
       "\t<tr><td>0.844</td><td>0.017339907</td><td>0.03014173</td><td>0.008074557</td><td>0.011121234</td><td>0.014336669</td><td>0.04875906</td><td>0.02622684</td></tr>\n",
       "\t<tr><td>0.741</td><td>0.028788693</td><td>0.05004299</td><td>0.013405836</td><td>0.018464100</td><td>0.023802546</td><td>0.08095254</td><td>0.04354329</td></tr>\n",
       "\t<tr><td>0.717</td><td>0.031456371</td><td>0.05468018</td><td>0.014648075</td><td>0.020175060</td><td>0.026008188</td><td>0.08845394</td><td>0.04757819</td></tr>\n",
       "\t<tr><td>0.877</td><td>0.013671850</td><td>0.02376559</td><td>0.006366478</td><td>0.008768665</td><td>0.011303912</td><td>0.03844464</td><td>0.02067886</td></tr>\n",
       "\t<tr><td>0.838</td><td>0.018006827</td><td>0.03130102</td><td>0.008385117</td><td>0.011548974</td><td>0.014888079</td><td>0.05063441</td><td>0.02723557</td></tr>\n",
       "\t<tr><td>0.660</td><td>0.037792106</td><td>0.06569351</td><td>0.017598394</td><td>0.024238587</td><td>0.031246586</td><td>0.10626975</td><td>0.05716107</td></tr>\n",
       "</tbody>\n",
       "</table>\n"
      ],
      "text/latex": [
       "A matrix: 100 × 8 of type dbl\n",
       "\\begin{tabular}{llllllll}\n",
       " Malignant.cell & Endothelial.cell & CAF & T.CD8 & NK & Macrophage & T.CD4 & B.cell\\\\\n",
       "\\hline\n",
       "\t 0.274 & 0.080697262 & 0.14027496 & 0.037577748 & 0.051756513 & 0.066720651 & 0.22691717 & 0.12205570\\\\\n",
       "\t 0.761 & 0.026565627 & 0.04617867 & 0.012370636 & 0.017038301 & 0.021964512 & 0.07470138 & 0.04018087\\\\\n",
       "\t 0.843 & 0.017451061 & 0.03033494 & 0.008126317 & 0.011192524 & 0.014428570 & 0.04907162 & 0.02639497\\\\\n",
       "\t 0.739 & 0.029010999 & 0.05042943 & 0.013509356 & 0.018606680 & 0.023986350 & 0.08157766 & 0.04387953\\\\\n",
       "\t 0.710 & 0.032234443 & 0.05603270 & 0.015010395 & 0.020674089 & 0.026651500 & 0.09064184 & 0.04875503\\\\\n",
       "\t 0.633 & 0.040793244 & 0.07091034 & 0.018995914 & 0.026163417 & 0.033727932 & 0.11470882 & 0.06170033\\\\\n",
       "\t 0.819 & 0.020118739 & 0.03497213 & 0.009368557 & 0.012903483 & 0.016634212 & 0.05657301 & 0.03042986\\\\\n",
       "\t 0.883 & 0.013004931 & 0.02260629 & 0.006055918 & 0.008340926 & 0.010752502 & 0.03656930 & 0.01967013\\\\\n",
       "\t 0.346 & 0.072694227 & 0.12636339 & 0.033851029 & 0.046623636 & 0.060103727 & 0.20441299 & 0.10995100\\\\\n",
       "\t 0.566 & 0.048240512 & 0.08385583 & 0.022463833 & 0.030939844 & 0.039885348 & 0.13565021 & 0.07296443\\\\\n",
       "\t 0.604 & 0.044016688 & 0.07651361 & 0.020496953 & 0.028230825 & 0.036393082 & 0.12377300 & 0.06657584\\\\\n",
       "\t 0.495 & 0.056132393 & 0.09757418 & 0.026138792 & 0.036001431 & 0.046410370 & 0.15784183 & 0.08490100\\\\\n",
       "\t 0.365 & 0.070582316 & 0.12269228 & 0.032867590 & 0.045269127 & 0.058357594 & 0.19847438 & 0.10675671\\\\\n",
       "\t 0.741 & 0.028788693 & 0.05004299 & 0.013405836 & 0.018464100 & 0.023802546 & 0.08095254 & 0.04354329\\\\\n",
       "\t 0.447 & 0.061467749 & 0.10684855 & 0.028623271 & 0.039423350 & 0.050821653 & 0.17284462 & 0.09297080\\\\\n",
       "\t 0.739 & 0.029010999 & 0.05042943 & 0.013509356 & 0.018606680 & 0.023986350 & 0.08157766 & 0.04387953\\\\\n",
       "\t 0.744 & 0.028455233 & 0.04946335 & 0.013250556 & 0.018250231 & 0.023526841 & 0.08001487 & 0.04303892\\\\\n",
       "\t 0.930 & 0.007780728 & 0.01352513 & 0.003623199 & 0.004990297 & 0.006433121 & 0.02187907 & 0.01176846\\\\\n",
       "\t 0.450 & 0.061134289 & 0.10626891 & 0.028467991 & 0.039209480 & 0.050545948 & 0.17190695 & 0.09246644\\\\\n",
       "\t 0.489 & 0.056799312 & 0.09873347 & 0.026449352 & 0.036429171 & 0.046961780 & 0.15971718 & 0.08590973\\\\\n",
       "\t 0.408 & 0.065802726 & 0.11438399 & 0.030641910 & 0.042203658 & 0.054405820 & 0.18503439 & 0.09952751\\\\\n",
       "\t 0.846 & 0.017117601 & 0.02975529 & 0.007971037 & 0.010978654 & 0.014152865 & 0.04813395 & 0.02589060\\\\\n",
       "\t 0.328 & 0.074694986 & 0.12984128 & 0.034782709 & 0.047906855 & 0.061757958 & 0.21003903 & 0.11297718\\\\\n",
       "\t 0.666 & 0.037125187 & 0.06453421 & 0.017287835 & 0.023810848 & 0.030695175 & 0.10439440 & 0.05615235\\\\\n",
       "\t 0.308 & 0.076918051 & 0.13370560 & 0.035817909 & 0.049332655 & 0.063595992 & 0.21629019 & 0.11633959\\\\\n",
       "\t 0.903 & 0.010781866 & 0.01874197 & 0.005020718 & 0.006915126 & 0.008914467 & 0.03031813 & 0.01630772\\\\\n",
       "\t 0.439 & 0.062356975 & 0.10839428 & 0.029037351 & 0.039993669 & 0.051556867 & 0.17534509 & 0.09431577\\\\\n",
       "\t 0.804 & 0.021786038 & 0.03787037 & 0.010144957 & 0.013972833 & 0.018012738 & 0.06126138 & 0.03295168\\\\\n",
       "\t 0.913 & 0.009670333 & 0.01680981 & 0.004503119 & 0.006202227 & 0.007995450 & 0.02719255 & 0.01462651\\\\\n",
       "\t 0.827 & 0.019229513 & 0.03342640 & 0.008954477 & 0.012333164 & 0.015898998 & 0.05407255 & 0.02908490\\\\\n",
       "\t ⋮ & ⋮ & ⋮ & ⋮ & ⋮ & ⋮ & ⋮ & ⋮\\\\\n",
       "\t 0.683 & 0.035235581 & 0.06124953 & 0.016407915 & 0.022598918 & 0.029132846 & 0.09908091 & 0.05329429\\\\\n",
       "\t 0.370 & 0.070026549 & 0.12172620 & 0.032608790 & 0.044912677 & 0.057898085 & 0.19691159 & 0.10591610\\\\\n",
       "\t 0.510 & 0.054465094 & 0.09467593 & 0.025362392 & 0.034932082 & 0.045031844 & 0.15315346 & 0.08237919\\\\\n",
       "\t 0.477 & 0.058133151 & 0.10105207 & 0.027070471 & 0.037284651 & 0.048064601 & 0.16346788 & 0.08792718\\\\\n",
       "\t 0.423 & 0.064135427 & 0.11148574 & 0.029865511 & 0.041134309 & 0.053027294 & 0.18034601 & 0.09700570\\\\\n",
       "\t 0.207 & 0.088144530 & 0.15322044 & 0.041045667 & 0.056532941 & 0.072878066 & 0.24785856 & 0.13331979\\\\\n",
       "\t 0.900 & 0.011115325 & 0.01932162 & 0.005175998 & 0.007128996 & 0.009190172 & 0.03125581 & 0.01681208\\\\\n",
       "\t 0.365 & 0.070582316 & 0.12269228 & 0.032867590 & 0.045269127 & 0.058357594 & 0.19847438 & 0.10675671\\\\\n",
       "\t 0.627 & 0.041460163 & 0.07206964 & 0.019306474 & 0.026591156 & 0.034279343 & 0.11658417 & 0.06270906\\\\\n",
       "\t 0.846 & 0.017117601 & 0.02975529 & 0.007971037 & 0.010978654 & 0.014152865 & 0.04813395 & 0.02589060\\\\\n",
       "\t 0.341 & 0.073249994 & 0.12732947 & 0.034109829 & 0.046980086 & 0.060563235 & 0.20597578 & 0.11079161\\\\\n",
       "\t 0.582 & 0.046462060 & 0.08076437 & 0.021635673 & 0.029799205 & 0.038414920 & 0.13064928 & 0.07027449\\\\\n",
       "\t 0.577 & 0.047017826 & 0.08173045 & 0.021894473 & 0.030155654 & 0.038874429 & 0.13221207 & 0.07111510\\\\\n",
       "\t 0.839 & 0.017895674 & 0.03110781 & 0.008333357 & 0.011477684 & 0.014796177 & 0.05032185 & 0.02706745\\\\\n",
       "\t 0.717 & 0.031456371 & 0.05468018 & 0.014648075 & 0.020175060 & 0.026008188 & 0.08845394 & 0.04757819\\\\\n",
       "\t 0.844 & 0.017339907 & 0.03014173 & 0.008074557 & 0.011121234 & 0.014336669 & 0.04875906 & 0.02622684\\\\\n",
       "\t 0.849 & 0.016784141 & 0.02917565 & 0.007815758 & 0.010764784 & 0.013877160 & 0.04719627 & 0.02538624\\\\\n",
       "\t 0.475 & 0.058355458 & 0.10143850 & 0.027173991 & 0.037427231 & 0.048248404 & 0.16409299 & 0.08826342\\\\\n",
       "\t 0.672 & 0.036458267 & 0.06337491 & 0.016977275 & 0.023383108 & 0.030143765 & 0.10251905 & 0.05514362\\\\\n",
       "\t 0.566 & 0.048240512 & 0.08385583 & 0.022463833 & 0.030939844 & 0.039885348 & 0.13565021 & 0.07296443\\\\\n",
       "\t 0.723 & 0.030789451 & 0.05352089 & 0.014337515 & 0.019747320 & 0.025456777 & 0.08657859 & 0.04656946\\\\\n",
       "\t 0.928 & 0.008003034 & 0.01391157 & 0.003726719 & 0.005132877 & 0.006616924 & 0.02250418 & 0.01210470\\\\\n",
       "\t 0.396 & 0.067136565 & 0.11670258 & 0.031263030 & 0.043059138 & 0.055508641 & 0.18878508 & 0.10154496\\\\\n",
       "\t 0.596 & 0.044905914 & 0.07805934 & 0.020911033 & 0.028801145 & 0.037128296 & 0.12627347 & 0.06792080\\\\\n",
       "\t 0.844 & 0.017339907 & 0.03014173 & 0.008074557 & 0.011121234 & 0.014336669 & 0.04875906 & 0.02622684\\\\\n",
       "\t 0.741 & 0.028788693 & 0.05004299 & 0.013405836 & 0.018464100 & 0.023802546 & 0.08095254 & 0.04354329\\\\\n",
       "\t 0.717 & 0.031456371 & 0.05468018 & 0.014648075 & 0.020175060 & 0.026008188 & 0.08845394 & 0.04757819\\\\\n",
       "\t 0.877 & 0.013671850 & 0.02376559 & 0.006366478 & 0.008768665 & 0.011303912 & 0.03844464 & 0.02067886\\\\\n",
       "\t 0.838 & 0.018006827 & 0.03130102 & 0.008385117 & 0.011548974 & 0.014888079 & 0.05063441 & 0.02723557\\\\\n",
       "\t 0.660 & 0.037792106 & 0.06569351 & 0.017598394 & 0.024238587 & 0.031246586 & 0.10626975 & 0.05716107\\\\\n",
       "\\end{tabular}\n"
      ],
      "text/markdown": [
       "\n",
       "A matrix: 100 × 8 of type dbl\n",
       "\n",
       "| Malignant.cell | Endothelial.cell | CAF | T.CD8 | NK | Macrophage | T.CD4 | B.cell |\n",
       "|---|---|---|---|---|---|---|---|\n",
       "| 0.274 | 0.080697262 | 0.14027496 | 0.037577748 | 0.051756513 | 0.066720651 | 0.22691717 | 0.12205570 |\n",
       "| 0.761 | 0.026565627 | 0.04617867 | 0.012370636 | 0.017038301 | 0.021964512 | 0.07470138 | 0.04018087 |\n",
       "| 0.843 | 0.017451061 | 0.03033494 | 0.008126317 | 0.011192524 | 0.014428570 | 0.04907162 | 0.02639497 |\n",
       "| 0.739 | 0.029010999 | 0.05042943 | 0.013509356 | 0.018606680 | 0.023986350 | 0.08157766 | 0.04387953 |\n",
       "| 0.710 | 0.032234443 | 0.05603270 | 0.015010395 | 0.020674089 | 0.026651500 | 0.09064184 | 0.04875503 |\n",
       "| 0.633 | 0.040793244 | 0.07091034 | 0.018995914 | 0.026163417 | 0.033727932 | 0.11470882 | 0.06170033 |\n",
       "| 0.819 | 0.020118739 | 0.03497213 | 0.009368557 | 0.012903483 | 0.016634212 | 0.05657301 | 0.03042986 |\n",
       "| 0.883 | 0.013004931 | 0.02260629 | 0.006055918 | 0.008340926 | 0.010752502 | 0.03656930 | 0.01967013 |\n",
       "| 0.346 | 0.072694227 | 0.12636339 | 0.033851029 | 0.046623636 | 0.060103727 | 0.20441299 | 0.10995100 |\n",
       "| 0.566 | 0.048240512 | 0.08385583 | 0.022463833 | 0.030939844 | 0.039885348 | 0.13565021 | 0.07296443 |\n",
       "| 0.604 | 0.044016688 | 0.07651361 | 0.020496953 | 0.028230825 | 0.036393082 | 0.12377300 | 0.06657584 |\n",
       "| 0.495 | 0.056132393 | 0.09757418 | 0.026138792 | 0.036001431 | 0.046410370 | 0.15784183 | 0.08490100 |\n",
       "| 0.365 | 0.070582316 | 0.12269228 | 0.032867590 | 0.045269127 | 0.058357594 | 0.19847438 | 0.10675671 |\n",
       "| 0.741 | 0.028788693 | 0.05004299 | 0.013405836 | 0.018464100 | 0.023802546 | 0.08095254 | 0.04354329 |\n",
       "| 0.447 | 0.061467749 | 0.10684855 | 0.028623271 | 0.039423350 | 0.050821653 | 0.17284462 | 0.09297080 |\n",
       "| 0.739 | 0.029010999 | 0.05042943 | 0.013509356 | 0.018606680 | 0.023986350 | 0.08157766 | 0.04387953 |\n",
       "| 0.744 | 0.028455233 | 0.04946335 | 0.013250556 | 0.018250231 | 0.023526841 | 0.08001487 | 0.04303892 |\n",
       "| 0.930 | 0.007780728 | 0.01352513 | 0.003623199 | 0.004990297 | 0.006433121 | 0.02187907 | 0.01176846 |\n",
       "| 0.450 | 0.061134289 | 0.10626891 | 0.028467991 | 0.039209480 | 0.050545948 | 0.17190695 | 0.09246644 |\n",
       "| 0.489 | 0.056799312 | 0.09873347 | 0.026449352 | 0.036429171 | 0.046961780 | 0.15971718 | 0.08590973 |\n",
       "| 0.408 | 0.065802726 | 0.11438399 | 0.030641910 | 0.042203658 | 0.054405820 | 0.18503439 | 0.09952751 |\n",
       "| 0.846 | 0.017117601 | 0.02975529 | 0.007971037 | 0.010978654 | 0.014152865 | 0.04813395 | 0.02589060 |\n",
       "| 0.328 | 0.074694986 | 0.12984128 | 0.034782709 | 0.047906855 | 0.061757958 | 0.21003903 | 0.11297718 |\n",
       "| 0.666 | 0.037125187 | 0.06453421 | 0.017287835 | 0.023810848 | 0.030695175 | 0.10439440 | 0.05615235 |\n",
       "| 0.308 | 0.076918051 | 0.13370560 | 0.035817909 | 0.049332655 | 0.063595992 | 0.21629019 | 0.11633959 |\n",
       "| 0.903 | 0.010781866 | 0.01874197 | 0.005020718 | 0.006915126 | 0.008914467 | 0.03031813 | 0.01630772 |\n",
       "| 0.439 | 0.062356975 | 0.10839428 | 0.029037351 | 0.039993669 | 0.051556867 | 0.17534509 | 0.09431577 |\n",
       "| 0.804 | 0.021786038 | 0.03787037 | 0.010144957 | 0.013972833 | 0.018012738 | 0.06126138 | 0.03295168 |\n",
       "| 0.913 | 0.009670333 | 0.01680981 | 0.004503119 | 0.006202227 | 0.007995450 | 0.02719255 | 0.01462651 |\n",
       "| 0.827 | 0.019229513 | 0.03342640 | 0.008954477 | 0.012333164 | 0.015898998 | 0.05407255 | 0.02908490 |\n",
       "| ⋮ | ⋮ | ⋮ | ⋮ | ⋮ | ⋮ | ⋮ | ⋮ |\n",
       "| 0.683 | 0.035235581 | 0.06124953 | 0.016407915 | 0.022598918 | 0.029132846 | 0.09908091 | 0.05329429 |\n",
       "| 0.370 | 0.070026549 | 0.12172620 | 0.032608790 | 0.044912677 | 0.057898085 | 0.19691159 | 0.10591610 |\n",
       "| 0.510 | 0.054465094 | 0.09467593 | 0.025362392 | 0.034932082 | 0.045031844 | 0.15315346 | 0.08237919 |\n",
       "| 0.477 | 0.058133151 | 0.10105207 | 0.027070471 | 0.037284651 | 0.048064601 | 0.16346788 | 0.08792718 |\n",
       "| 0.423 | 0.064135427 | 0.11148574 | 0.029865511 | 0.041134309 | 0.053027294 | 0.18034601 | 0.09700570 |\n",
       "| 0.207 | 0.088144530 | 0.15322044 | 0.041045667 | 0.056532941 | 0.072878066 | 0.24785856 | 0.13331979 |\n",
       "| 0.900 | 0.011115325 | 0.01932162 | 0.005175998 | 0.007128996 | 0.009190172 | 0.03125581 | 0.01681208 |\n",
       "| 0.365 | 0.070582316 | 0.12269228 | 0.032867590 | 0.045269127 | 0.058357594 | 0.19847438 | 0.10675671 |\n",
       "| 0.627 | 0.041460163 | 0.07206964 | 0.019306474 | 0.026591156 | 0.034279343 | 0.11658417 | 0.06270906 |\n",
       "| 0.846 | 0.017117601 | 0.02975529 | 0.007971037 | 0.010978654 | 0.014152865 | 0.04813395 | 0.02589060 |\n",
       "| 0.341 | 0.073249994 | 0.12732947 | 0.034109829 | 0.046980086 | 0.060563235 | 0.20597578 | 0.11079161 |\n",
       "| 0.582 | 0.046462060 | 0.08076437 | 0.021635673 | 0.029799205 | 0.038414920 | 0.13064928 | 0.07027449 |\n",
       "| 0.577 | 0.047017826 | 0.08173045 | 0.021894473 | 0.030155654 | 0.038874429 | 0.13221207 | 0.07111510 |\n",
       "| 0.839 | 0.017895674 | 0.03110781 | 0.008333357 | 0.011477684 | 0.014796177 | 0.05032185 | 0.02706745 |\n",
       "| 0.717 | 0.031456371 | 0.05468018 | 0.014648075 | 0.020175060 | 0.026008188 | 0.08845394 | 0.04757819 |\n",
       "| 0.844 | 0.017339907 | 0.03014173 | 0.008074557 | 0.011121234 | 0.014336669 | 0.04875906 | 0.02622684 |\n",
       "| 0.849 | 0.016784141 | 0.02917565 | 0.007815758 | 0.010764784 | 0.013877160 | 0.04719627 | 0.02538624 |\n",
       "| 0.475 | 0.058355458 | 0.10143850 | 0.027173991 | 0.037427231 | 0.048248404 | 0.16409299 | 0.08826342 |\n",
       "| 0.672 | 0.036458267 | 0.06337491 | 0.016977275 | 0.023383108 | 0.030143765 | 0.10251905 | 0.05514362 |\n",
       "| 0.566 | 0.048240512 | 0.08385583 | 0.022463833 | 0.030939844 | 0.039885348 | 0.13565021 | 0.07296443 |\n",
       "| 0.723 | 0.030789451 | 0.05352089 | 0.014337515 | 0.019747320 | 0.025456777 | 0.08657859 | 0.04656946 |\n",
       "| 0.928 | 0.008003034 | 0.01391157 | 0.003726719 | 0.005132877 | 0.006616924 | 0.02250418 | 0.01210470 |\n",
       "| 0.396 | 0.067136565 | 0.11670258 | 0.031263030 | 0.043059138 | 0.055508641 | 0.18878508 | 0.10154496 |\n",
       "| 0.596 | 0.044905914 | 0.07805934 | 0.020911033 | 0.028801145 | 0.037128296 | 0.12627347 | 0.06792080 |\n",
       "| 0.844 | 0.017339907 | 0.03014173 | 0.008074557 | 0.011121234 | 0.014336669 | 0.04875906 | 0.02622684 |\n",
       "| 0.741 | 0.028788693 | 0.05004299 | 0.013405836 | 0.018464100 | 0.023802546 | 0.08095254 | 0.04354329 |\n",
       "| 0.717 | 0.031456371 | 0.05468018 | 0.014648075 | 0.020175060 | 0.026008188 | 0.08845394 | 0.04757819 |\n",
       "| 0.877 | 0.013671850 | 0.02376559 | 0.006366478 | 0.008768665 | 0.011303912 | 0.03844464 | 0.02067886 |\n",
       "| 0.838 | 0.018006827 | 0.03130102 | 0.008385117 | 0.011548974 | 0.014888079 | 0.05063441 | 0.02723557 |\n",
       "| 0.660 | 0.037792106 | 0.06569351 | 0.017598394 | 0.024238587 | 0.031246586 | 0.10626975 | 0.05716107 |\n",
       "\n"
      ],
      "text/plain": [
       "      Malignant.cell Endothelial.cell CAF        T.CD8       NK         \n",
       " [1,] 0.274          0.080697262      0.14027496 0.037577748 0.051756513\n",
       " [2,] 0.761          0.026565627      0.04617867 0.012370636 0.017038301\n",
       " [3,] 0.843          0.017451061      0.03033494 0.008126317 0.011192524\n",
       " [4,] 0.739          0.029010999      0.05042943 0.013509356 0.018606680\n",
       " [5,] 0.710          0.032234443      0.05603270 0.015010395 0.020674089\n",
       " [6,] 0.633          0.040793244      0.07091034 0.018995914 0.026163417\n",
       " [7,] 0.819          0.020118739      0.03497213 0.009368557 0.012903483\n",
       " [8,] 0.883          0.013004931      0.02260629 0.006055918 0.008340926\n",
       " [9,] 0.346          0.072694227      0.12636339 0.033851029 0.046623636\n",
       "[10,] 0.566          0.048240512      0.08385583 0.022463833 0.030939844\n",
       "[11,] 0.604          0.044016688      0.07651361 0.020496953 0.028230825\n",
       "[12,] 0.495          0.056132393      0.09757418 0.026138792 0.036001431\n",
       "[13,] 0.365          0.070582316      0.12269228 0.032867590 0.045269127\n",
       "[14,] 0.741          0.028788693      0.05004299 0.013405836 0.018464100\n",
       "[15,] 0.447          0.061467749      0.10684855 0.028623271 0.039423350\n",
       "[16,] 0.739          0.029010999      0.05042943 0.013509356 0.018606680\n",
       "[17,] 0.744          0.028455233      0.04946335 0.013250556 0.018250231\n",
       "[18,] 0.930          0.007780728      0.01352513 0.003623199 0.004990297\n",
       "[19,] 0.450          0.061134289      0.10626891 0.028467991 0.039209480\n",
       "[20,] 0.489          0.056799312      0.09873347 0.026449352 0.036429171\n",
       "[21,] 0.408          0.065802726      0.11438399 0.030641910 0.042203658\n",
       "[22,] 0.846          0.017117601      0.02975529 0.007971037 0.010978654\n",
       "[23,] 0.328          0.074694986      0.12984128 0.034782709 0.047906855\n",
       "[24,] 0.666          0.037125187      0.06453421 0.017287835 0.023810848\n",
       "[25,] 0.308          0.076918051      0.13370560 0.035817909 0.049332655\n",
       "[26,] 0.903          0.010781866      0.01874197 0.005020718 0.006915126\n",
       "[27,] 0.439          0.062356975      0.10839428 0.029037351 0.039993669\n",
       "[28,] 0.804          0.021786038      0.03787037 0.010144957 0.013972833\n",
       "[29,] 0.913          0.009670333      0.01680981 0.004503119 0.006202227\n",
       "[30,] 0.827          0.019229513      0.03342640 0.008954477 0.012333164\n",
       "[31,] ⋮              ⋮                ⋮          ⋮           ⋮          \n",
       "[32,] 0.683          0.035235581      0.06124953 0.016407915 0.022598918\n",
       "[33,] 0.370          0.070026549      0.12172620 0.032608790 0.044912677\n",
       "[34,] 0.510          0.054465094      0.09467593 0.025362392 0.034932082\n",
       "[35,] 0.477          0.058133151      0.10105207 0.027070471 0.037284651\n",
       "[36,] 0.423          0.064135427      0.11148574 0.029865511 0.041134309\n",
       "[37,] 0.207          0.088144530      0.15322044 0.041045667 0.056532941\n",
       "[38,] 0.900          0.011115325      0.01932162 0.005175998 0.007128996\n",
       "[39,] 0.365          0.070582316      0.12269228 0.032867590 0.045269127\n",
       "[40,] 0.627          0.041460163      0.07206964 0.019306474 0.026591156\n",
       "[41,] 0.846          0.017117601      0.02975529 0.007971037 0.010978654\n",
       "[42,] 0.341          0.073249994      0.12732947 0.034109829 0.046980086\n",
       "[43,] 0.582          0.046462060      0.08076437 0.021635673 0.029799205\n",
       "[44,] 0.577          0.047017826      0.08173045 0.021894473 0.030155654\n",
       "[45,] 0.839          0.017895674      0.03110781 0.008333357 0.011477684\n",
       "[46,] 0.717          0.031456371      0.05468018 0.014648075 0.020175060\n",
       "[47,] 0.844          0.017339907      0.03014173 0.008074557 0.011121234\n",
       "[48,] 0.849          0.016784141      0.02917565 0.007815758 0.010764784\n",
       "[49,] 0.475          0.058355458      0.10143850 0.027173991 0.037427231\n",
       "[50,] 0.672          0.036458267      0.06337491 0.016977275 0.023383108\n",
       "[51,] 0.566          0.048240512      0.08385583 0.022463833 0.030939844\n",
       "[52,] 0.723          0.030789451      0.05352089 0.014337515 0.019747320\n",
       "[53,] 0.928          0.008003034      0.01391157 0.003726719 0.005132877\n",
       "[54,] 0.396          0.067136565      0.11670258 0.031263030 0.043059138\n",
       "[55,] 0.596          0.044905914      0.07805934 0.020911033 0.028801145\n",
       "[56,] 0.844          0.017339907      0.03014173 0.008074557 0.011121234\n",
       "[57,] 0.741          0.028788693      0.05004299 0.013405836 0.018464100\n",
       "[58,] 0.717          0.031456371      0.05468018 0.014648075 0.020175060\n",
       "[59,] 0.877          0.013671850      0.02376559 0.006366478 0.008768665\n",
       "[60,] 0.838          0.018006827      0.03130102 0.008385117 0.011548974\n",
       "[61,] 0.660          0.037792106      0.06569351 0.017598394 0.024238587\n",
       "      Macrophage  T.CD4      B.cell    \n",
       " [1,] 0.066720651 0.22691717 0.12205570\n",
       " [2,] 0.021964512 0.07470138 0.04018087\n",
       " [3,] 0.014428570 0.04907162 0.02639497\n",
       " [4,] 0.023986350 0.08157766 0.04387953\n",
       " [5,] 0.026651500 0.09064184 0.04875503\n",
       " [6,] 0.033727932 0.11470882 0.06170033\n",
       " [7,] 0.016634212 0.05657301 0.03042986\n",
       " [8,] 0.010752502 0.03656930 0.01967013\n",
       " [9,] 0.060103727 0.20441299 0.10995100\n",
       "[10,] 0.039885348 0.13565021 0.07296443\n",
       "[11,] 0.036393082 0.12377300 0.06657584\n",
       "[12,] 0.046410370 0.15784183 0.08490100\n",
       "[13,] 0.058357594 0.19847438 0.10675671\n",
       "[14,] 0.023802546 0.08095254 0.04354329\n",
       "[15,] 0.050821653 0.17284462 0.09297080\n",
       "[16,] 0.023986350 0.08157766 0.04387953\n",
       "[17,] 0.023526841 0.08001487 0.04303892\n",
       "[18,] 0.006433121 0.02187907 0.01176846\n",
       "[19,] 0.050545948 0.17190695 0.09246644\n",
       "[20,] 0.046961780 0.15971718 0.08590973\n",
       "[21,] 0.054405820 0.18503439 0.09952751\n",
       "[22,] 0.014152865 0.04813395 0.02589060\n",
       "[23,] 0.061757958 0.21003903 0.11297718\n",
       "[24,] 0.030695175 0.10439440 0.05615235\n",
       "[25,] 0.063595992 0.21629019 0.11633959\n",
       "[26,] 0.008914467 0.03031813 0.01630772\n",
       "[27,] 0.051556867 0.17534509 0.09431577\n",
       "[28,] 0.018012738 0.06126138 0.03295168\n",
       "[29,] 0.007995450 0.02719255 0.01462651\n",
       "[30,] 0.015898998 0.05407255 0.02908490\n",
       "[31,] ⋮           ⋮          ⋮         \n",
       "[32,] 0.029132846 0.09908091 0.05329429\n",
       "[33,] 0.057898085 0.19691159 0.10591610\n",
       "[34,] 0.045031844 0.15315346 0.08237919\n",
       "[35,] 0.048064601 0.16346788 0.08792718\n",
       "[36,] 0.053027294 0.18034601 0.09700570\n",
       "[37,] 0.072878066 0.24785856 0.13331979\n",
       "[38,] 0.009190172 0.03125581 0.01681208\n",
       "[39,] 0.058357594 0.19847438 0.10675671\n",
       "[40,] 0.034279343 0.11658417 0.06270906\n",
       "[41,] 0.014152865 0.04813395 0.02589060\n",
       "[42,] 0.060563235 0.20597578 0.11079161\n",
       "[43,] 0.038414920 0.13064928 0.07027449\n",
       "[44,] 0.038874429 0.13221207 0.07111510\n",
       "[45,] 0.014796177 0.05032185 0.02706745\n",
       "[46,] 0.026008188 0.08845394 0.04757819\n",
       "[47,] 0.014336669 0.04875906 0.02622684\n",
       "[48,] 0.013877160 0.04719627 0.02538624\n",
       "[49,] 0.048248404 0.16409299 0.08826342\n",
       "[50,] 0.030143765 0.10251905 0.05514362\n",
       "[51,] 0.039885348 0.13565021 0.07296443\n",
       "[52,] 0.025456777 0.08657859 0.04656946\n",
       "[53,] 0.006616924 0.02250418 0.01210470\n",
       "[54,] 0.055508641 0.18878508 0.10154496\n",
       "[55,] 0.037128296 0.12627347 0.06792080\n",
       "[56,] 0.014336669 0.04875906 0.02622684\n",
       "[57,] 0.023802546 0.08095254 0.04354329\n",
       "[58,] 0.026008188 0.08845394 0.04757819\n",
       "[59,] 0.011303912 0.03844464 0.02067886\n",
       "[60,] 0.014888079 0.05063441 0.02723557\n",
       "[61,] 0.031246586 0.10626975 0.05716107"
      ]
     },
     "metadata": {},
     "output_type": "display_data"
    }
   ],
   "source": [
    "sim_2sd$ctp\n"
   ]
  },
  {
   "cell_type": "code",
   "execution_count": 11,
   "id": "a5c52d21",
   "metadata": {},
   "outputs": [],
   "source": [
    "write.csv(sim_2sd$ctp, \"./data/downloaded_manually/derek_ctp.csv\")"
   ]
  },
  {
   "cell_type": "code",
   "execution_count": 20,
   "id": "087a6c36",
   "metadata": {},
   "outputs": [
    {
     "data": {
      "text/html": [
       "<style>\n",
       ".list-inline {list-style: none; margin:0; padding: 0}\n",
       ".list-inline>li {display: inline-block}\n",
